22 H1 611 22
23 H2 622 23
9 I2 623 9
24 H3 633 24
10 I3 634 10
1 V2 636 1
25 H4 644 25
2 V3 647 2
31 H10 649 31
41 H20 650 41
26 H5 655 26
32 H11 660 32
42 H21 661 42
27 H6 666 27
33 H12 671 33
43 H22 672 43
28 H7 677 28
34 H13 682 34
44 H23 683 44
29 H8 688 29
35 H14 693 35
30 H9 699 30
36 H15 704 36
37 H16 715 37
38 H17 726 38
39 H18 737 39
40 H19 748 40
8 I 803 8
52 HC 809 52
15 CE 826 15
14 P 880 14
16 SOC 899 16
50 PID 901 50
11 IL 909 11
5 DM 915 5
49 FWE 916 49
13 T 924 13
4 VM 933 4
0 V 946 0
17 TTG 949 17
20 AR 967 20
12 LOAD 968 12
46 CS 980 46
21 OR 981 21
54 MODE 983 54
3 VS 999 3
60 MON 1014 60
48 FW 1027 48
45 ERR 1053 45
51 SER 1054 51
47 BMV 1089 47
58 WARN 1092 58
7 PPV 1106 7
6 VPV 1112 6
53 HSDS 1136 53
59 MPPT 1161 59
56 AC_OUT_I 1373 56
57 AC_OUT_S 1483 57
55 AC_OUT_V 1516 55
18 Alarm 1583 18
19 Relay 1719 19
61 Checksum 1909 61
